hundred <- c(119, 110, 167, 133, 112, 75, 89, 145, 68, 80, 70, 77)
onefifty <- c(248, 220, 215, 199, 280, 258, 189, 215, 235, 257, 185, 247)