hundred <- c(119, 110, 167, )